344346 622833
412736 84492
618144 34804
477725 723297
853784 930831
609721 23980
395823 172442
698004 43786
449384 633325
812107 127357
400384 667696
956729 241317
396423 99429
965134 931133
880160 945349
529449 738710
82387 456389
337407 700530
5398 815131
938031 859181
260167 547753
397365 655989
234399 95369
699775 197987
242898 26087
839547 157487
693782 796277
398803 604409
895705 878142
49747 290070
337696 579195
542985 420082
549789 880391
634816 555186
209727 572848
414367 469893
634805 811731
125882 869203
421304 825656
67190 178406
365947 420941
335892 59730
217218 248900
178343 627128
641246 228090
917197 493146
321489 460182
427432 871277
854777 62248
426463 64504
635095 355034
48601 269900
680969 174483
653307 616477
514343 234701
794883 880290
655642 644979
454224 872859
408083 632566
14192 563533
374860 445594
56679 696349
419980 998314
567626 274758
60563 508294
853465 695657
863327 902066
479762 58502
76549 647273
674978 105096
881974 984065
499590 537616
143250 953813
924679 551332
100585 453076
629070 475444
898669 199953
171793 318649
198268 253624
593406 258830
761917 446872
468691 139449
863142 462657
197950 453895
109931 872928
558990 991904
371198 58581
43725 514447
526598 482608
579984 627182
935683 209054
616831 834352
409006 302828
153002 607273
556451 260612
380307 318368
221688 848998
457817 84830
825859 169971
538724 935789
42899 611919
927693 928301
184704 485622
442748 711301
968230 22732
852688 903913
231785 469519
252471 640791
772346 919676
762268 328798
180288 142576
161370 916180
505778 133391
1010 331637
303362 53939
267427 860464
665857 709324
788765 850560
194947 231514
76066 677381
254245 928753
95499 235
398272 347969
155230 684823
267645 431702
527825 962137
574277 689194
878317 594259
336790 393531
925896 640151
447469 707527
14820 627530
931055 803585
478090 640206
549303 68361
317587 317752
997113 413086
317986 909590
275259 987419
594413 57109
419122 636442
533450 507603
839840 925971
101863 176630
319502 541963
330985 281176
763694 345805
908705 694749
663594 901000
334956 212897
969360 166747
530648 480678
579832 362839
390268 369296
350258 498885
940608 769379
135327 474058
791187 489372
400029 893049
666001 233735
949216 511191
514910 712910
856995 937820
407659 520589
353025 256819
247690 836589
423566 778337
317267 517602
141176 221740
886897 5639
720624 341710
289222 370156
815767 80409
859527 730000
487662 39733
477940 436878
550923 507054
149788 922122
444874 71652
956915 312103
328470 204605
148692 266240
497147 465959
783842 152527
687698 184944
158165 922526
526654 447387
292682 856625
42000 666413
586626 529662
706146 64566
966539 771273
571619 630532
207601 530698
216388 164516
842800 544857
883325 505697
325302 894676
485860 109144
47203 687762
294087 719572
610288 820740
166959 417175
677366 723162
83588 778196
252824 303938
356966 733568
589416 442789
364100 797016
973486 580487
475736 330492
639548 873265
350393 964849
767941 836252
588197 329349
524014 882284
48921 134302
217229 730083
65681 408799
453245 663473
701199 706069
481615 58165
439637 71031
15159 317941
382251 502849
412632 857987
347545 566384
245457 697937
45439 13399
534189 633635
856951 58203
515919 905871
706709 247353
150159 286594
656151 603403
950066 871555
823676 431682
443924 777517
16917 459082
609662 399168
961931 22294
771359 309476
588678 16816
7414 634116
544418 55807
267751 401369
628214 297875
821444 334923
59432 971602
135721 229787
575006 85788
101342 912886
31674 545266
690404 48590
4348 300066
447757 480483
836564 219116
789959 425242
750136 311577
573562 294554
367383 355517
210128 995596
167596 31572
844723 227027
517379 980444
971018 92385
580436 72360
519475 126314
131830 209879
174903 650382
24150 136865
130865 860713
870184 435028
800159 620320
260809 887925
429079 628192
243442 153411
137993 925242
184982 496921
152269 702360
991569 123287
308949 572005
709851 342629
212523 841680
552507 387425
492062 90861
524289 137132
465778 394474
572159 780141
528998 832968
668066 958076
975364 425713
111487 627561
350955 810673
124482 17428
27238 116051
654919 850391
202260 364770
193020 414782
720654 259731
316412 726921
350592 840700
864052 330574
749378 950415
110716 278377
297588 292986
750657 787156
718698 376349
414718 583857
187022 53404
601285 728463
683659 770408
578854 885918
649382 286078
814905 370036
545809 131317
96957 410605
486221 475213
741178 749804
939833 366098
542385 751625
659084 293042
538782 891986
183595 467704
475844 884820
521107 591333
613284 204766
361741 706342
604889 11123
992420 933998
895362 538229
579519 506524
948833 65740
495941 204216
329748 435774
570314 872132
701604 743602
165175 754590
149793 862973
222294 625636
747794 257605
731173 361078
976575 607118
581624 95669
132445 574044
29667 27808
112273 609185
534331 575310
189129 544476
293731 518877
980250 864044
391009 196059
121851 70388
950648 271643
933361 172942
411484 195360
944750 142657
556437 435530
263980 138061
531198 396424
226310 75069
424231 852786
684253 472766
428097 387587
17243 236032
420668 511697
100076 811676
707755 736130
396269 658403
7773 843834
345549 933460
39194 290299
76118 109835
725829 854301
762099 771231
250725 502613
846300 674956
355400 44758
661926 297701
432344 679168
533732 853011
705069 148012
178893 412824
884141 89366
71227 406118
447404 930979
339579 802
221279 929900
624840 461312
784201 901143
746747 34926
403757 593047
224086 759156
637805 400217
571061 584353
79385 104793
951569 784454
252804 130462
711482 651149
734031 296914
57267 181435
227893 911049
182236 963375
355154 321280
938891 139355
222423 685639
688485 626179
792890 426775
899539 430695
826991 470600
529253 420581
575392 480822
719239 342400
125488 430721
993548 859518
241839 565020
555157 469732
476069 251597
433107 345428
572876 371999
998986 795298
571842 687471
421478 364732
628451 835221
309632 969646
305822 838884
390227 881213
833910 623670
737818 473602
568596 731366
847324 810434
810590 402481
794370 286660
168282 227478
146292 741157
113681 145278
50660 199727
346954 986341
564458 975404
821563 388294
945050 127385
741382 849482
522802 575292
987356 260620
563098 555952
506191 410422
366387 316781
327107 160757
117645 495388
902438 263936
750749 530323
409214 315614
244254 756167
301955 808712
245776 637722
711210 705030
765106 452593
68717 802113
27885 56074
576937 105188
612025 83128
515609 492616
914113 842716
167578 31758
852308 584220
809898 117263
628748 733316
432876 873001
3688 734830
681713 249463
372553 907128
468697 651863
359721 537414
968180 901809
593487 545118
6997 719716
142450 522606
212333 56563
879526 894114
602525 246039
478334 926627
363301 107082
659943 796176
980083 663630
45212 176001
427297 417764
83129 410198
583831 442849
947611 552012
344659 55303
611334 865859
775019 267988
902669 987351
838755 782195
881465 955484
28235 874003
882111 905739
981085 56259
701916 475373
719888 747127
651373 661389
679095 248707
71587 777130
205760 533403
329142 64623
588705 454680
930482 877928
722668 833151
865279 75628
129552 260949
31112 671990
134953 913222
577729 630242
969480 793849
105615 203573
55181 271192
379166 734275
34103 964956
511406 239863
12564 354752
304485 601269
323637 749171
479197 560509
96528 858681
636136 226079
633834 181452
412273 282991
94674 990001
427437 578358
298056 47256
296135 353236
318448 675300
601716 866754
154461 113122
106617 167025
982077 925306
282498 819918
188682 275899
380427 285209
134580 530767
25492 282619
712218 437764
79814 321096
941970 507251
899453 240026
554506 195588
593261 387158
385092 709181
768117 539553
336507 388938
706577 318585
314244 989074
652707 17131
779177 33135
302339 427962
563901 327831
710580 790324
279799 304598
111420 221769
811848 10874
975998 880559
720665 83465
781921 105758
792645 550038
159515 129153
938976 380296
961941 767424
883574 614648
784554 662751
647782 601098
90713 725888
443133 315497
516212 722931
620095 141836
944700 431943
152709 434903
826706 387579
518367 608628
7541 311013
158666 167055
440165 611846
61555 402106
379271 945128
16754 678029
607879 178741
279127 212797
418833 722259
528293 449249
959395 148388
591084 418300
94536 257998
853202 921241
645576 371570
44074 653116
682582 716944
334375 122747
328790 395929
39057 222265
341057 570014
900294 463140
748754 179421
190141 681791
415885 718434
131040 375280
381026 722124
793579 475561
494326 160986
396803 139902
532555 955080
307222 215137
672024 641596
852087 815
551729 891143
737283 406990
975362 637577
384334 238321
331203 574475
920112 261292
292909 51152
150776 673934
287480 944354
663700 296010
619544 574707
435911 152100
529787 257337
367236 201812
413137 733528
716830 964865
138876 454113
886059 114238
605895 270394
352559 937097
844868 786875
712593 651981
352231 863368
840119 639711
321927 503819
449925 941470
78526 885836
93570 608313
657377 975010
324329 70515
708538 41159
549584 361618
9476 435644
475856 615370
220242 342619
66672 579314
129494 779264
231295 481724
642632 71414
635639 964558
89438 85565
906029 167963
485605 513803
776275 142982
488813 614808
727700 711555
655966 791489
73174 665442
741337 63234
280812 961578
405852 347484
55097 49550
640952 286391
531273 283585
872008 681117
762347 961445
280886 182581
643613 766490
696384 934092
423676 699401
548901 665581
410957 204867
457070 998334
384513 712611
61568 179530
188394 981623
41218 243490
31173 682169
44085 76650
965753 916092
757766 728101
391743 552856
910681 35356
833550 121270
969447 771431
820671 518348
437012 231628
237420 408286
744166 621932
120897 805733
315666 309290
787356 356883
66984 332733
39053 111068
409382 519010
27160 681353
761315 933106
234209 671997
968461 67760
307471 452114
839190 128142
484666 790406
873973 236290
198692 618139
372427 833792
938076 688092
657286 725432
44976 724269
58165 598232
835336 981751
117242 376700
663104 878557
309807 411517
64759 792472
993480 372229
758790 346875
500371 757661
137281 888548
993950 850176
20893 880581
198173 958968
568674 855458
198606 127854
93932 256770
726085 929267
752725 843326
820172 930033
721883 644183
341551 786641
950859 335031
673075 709650
196111 687650
981515 333391
576198 975465
697772 597090
856047 895944
70264 938925
751403 268869
66779 845334
39843 792863
288807 792568
150394 623183
722601 386482
267366 578356
687327 218225
427592 360402
442079 623702
48052 423594
957092 138455
913264 654864
249749 283516
550809 320012
736645 816416
588880 317628
175955 142928
624695 978965
449700 775088
602148 172301
161570 383718
264862 848897
601943 692453
723503 558226
316155 771555
496025 787451
424214 923493
442316 673962
721213 507329
508179 457858
837949 611263
775485 528108
754190 400180
507074 203890
689472 623426
890395 365247
7145 155257
214144 123292
847709 937646
681517 163864
223406 691746
465519 647619
129444 422039
835786 850656
929367 343965
822718 281521
955227 112408
809629 709418
26792 830907
427512 716264
454333 317907
81511 461477
473163 809858
584768 835076
261709 780490
513144 485115
986440 978663
646938 115885
400702 482724
966540 844274
826688 303464
125795 781916
415871 449628
5539 956867
280535 433050
673131 734868
750957 268846
710549 738324
592908 809522
573401 854616
590012 86545
853935 576452
65208 15079
692336 465910
497802 173082
310184 838695
990749 950182
620611 920824
399811 140354
877691 194550
573403 550822
443622 838564
333872 154172
576889 926779
963693 150290
295601 67910
751038 663740
644361 816246
678818 850902
796360 176621
538188 620748
15316 43142
570930 150131
963965 970740
290484 841657
679495 378091
906683 123117
216656 240556
277288 793544
681539 755185
458038 977139
823094 209076
640880 981660
539526 833902
346767 335886
10523 884954
956633 540042
928095 527564
204377 406265
12509 494860
247922 692003
872951 154606
815120 603811
395161 606612
397355 590904
361798 855392
82249 699096
578672 237333
680756 118199
71235 27523
454084 595962
426681 924922
136004 868980
966690 340381
275246 979198
349445 523167
185407 736600
677772 514731
340411 587137
635547 737765
692246 997344
107362 774494
696441 200239
11827 891401
318437 83061
918924 286725
193227 859809
211647 329231
728790 178337
183816 4036
671740 47465
41407 857146
784065 233384
886081 124476
820520 521628
376446 512766
33178 998011
801464 729618
198250 813290
135224 30891
410556 568352
317616 603782
428162 529262
447217 671156
221804 145237
675191 893543
192702 230802
264894 976766
464185 150975
615446 798910
672602 506096
311676 705779
18313 627345
949601 216562
440635 599030
247453 365395
167382 79273
483382 595543
608534 444803
266699 344542
590040 456094
238085 782741
686896 502978
273712 665285
168157 889157
464195 354964
909458 290076
60743 927770
917420 524549
658536 872259
123579 420193
751859 290960
499465 235241
400708 622204
680043 181611
966745 784287
151910 719035
567028 838805
736217 354944
18295 904374
244102 482490
259338 667764
772565 834284
109739 689985
358833 768274
76449 996615
702672 828307
287576 716341
63548 202488
338545 257796
384098 819495
42083 536007
52735 123316
889016 788951
478259 421516
207530 236565
904005 981071
904328 676570
815356 14067
880759 688393
296546 471412
685009 999217
299720 486789
715558 877471
203481 568308
135267 101783
902007 691554
151995 954741
814869 555215
743692 293128
976730 465427
43898 880735
446498 462430
71510 776058
990701 466473
464452 287247
937885 663665
800668 237605
664658 30431
629280 382343
598738 764547
484125 14950
970305 636119
969690 785174
191335 227588
592506 168065
693014 150608
563005 139512
613038 148719
915570 603739
129397 894226
890985 67282
72096 205858
819090 736753
236288 448370
119096 349231
727121 117425
364180 697426
753544 333871
996804 459083
561458 103516
141352 768676
254123 704356
908187 867160
367280 337962
985103 496676
232188 876088
78162 304283
596150 897251
555240 832438
